under100 25 8 0.32
under1000 168 45 0.267857
under3000 430 115 0.267442
under10000 1229 322 0.262002
under30000 3245 884 0.272419
under100000 9592 2553 0.266159

under100 25 8 0.32
under1000 168 45 0.267857
under3000 430 115 0.267442
under10000 1229 323 0.262815
under30000 3245 885 0.272727
under100000 9592 2554 0.266264
under300000 25997 6939 0.266915
under1000000 78498 20915 0.26644
under3000000 216816 57684 0.26605
under10000000 664579 176730 0.265928


under100 25 2 0.08
under1000 168 16 0.0952381
under3000 430 45 0.104651
under10000 1229 151 0.122864
under30000 3245 389 0.119877
under100000 9592 1174 0.122394
under300000 25997 3219 0.123822
under1000000 78498 9704 0.123621
under3000000 216816 27020 0.124622
under10000000 664579 82871 0.124697